6371000.0000000000000000 0.0000000000000000
6370029.6658413689583540 111189.2814119332470000
6367118.9589386591687799 222344.6934916336613242
6362268.7659213896840811 333432.3772237951052375
6355480.5642053401097655 444418.4942238223156892
6346756.4215425113216043 555269.2370453302282840
6336098.9953912692144513 665950.8394782202085480
6323511.5321068624034524 776429.5868341946043074
6308997.8659525448456407 886671.8262165768537670
6292562.4179316228255630 996643.9767713109031320
6274210.1944407774135470 1106312.5399160131346434
6253946.7857450675219297 1215644.1095439670607448
6231778.3642750764265656 1324605.3821999446954578
6207711.6827467335388064 1433163.1672247638925910
6181754.0721043739467859 1541284.3968654831405729
6153913.4392876541242003 1648936.1363481595180929
6124198.2648230297490954 1756085.5939101015683264
6092617.6002404987812042 1862700.1307885560672730
6059181.0653164228424430 1968747.2711627897806466
6023898.8451432473957539 2074194.7120465449988842
5986781.6870270222425461 2179010.3331278352998197
5947840.8972136722877622 2283162.2065531080588698
5907088.3374450029805303 2386618.6066527753137052
5864536.4213454974815249 2489348.0196051630191505
5820198.1106410101056099 2591319.1530359229072928
5774086.9112104969099164 2692500.9455499961040914
5726216.8689719932153821 2792862.5761932120658457
5676602.5656040916219354 2892373.4738406524993479
5625259.1141042234376073 2991003.3265089103952050
5572202.1541850902140141 3088722.0905894134193659
5517447.8475106591358781 3185499.9999999995343387
5461012.8727731574326754 3281307.5752519550733268
5402914.4206125894561410 3376115.6324297483079135
5343170.1883802963420749 3469895.2920807376503944
5281798.3747481703758240 3562617.9880121285095811
5218817.6741651669144630 3654255.4759925142861903
5154247.2711627902463078 3744779.8423553463071585
5088106.8345113024115562 3834163.5125016993843019
5020416.5112284263595939 3922379.2592997681349516
4951196.9204423613846302 4009400.2113785138353705
4880469.1471110088750720 4095199.8613129416480660
4808254.7355992812663317 4179752.0736985211260617
4734575.6831164788454771 4263031.0931122861802578
4659454.4330157358199358 4345011.5519581781700253
4582913.8679575463756919 4425668.4781942712143064
4504977.3029394941404462 4504977.3029394941404462
4425668.4781942721456289 4582913.8679575463756919
4345011.5519581781700253 4659454.4330157348886132
4263031.0931122861802578 4734575.6831164779141545
4179752.0736985220573843 4808254.7355992803350091
4095199.8613129421137273 4880469.1471110088750720
4009400.2113785147666931 4951196.9204423604533076
3922379.2592997690662742 5020416.5112284263595939
3834163.5125017003156245 5088106.8345113024115562
3744779.8423553463071585 5154247.2711627902463078
3654255.4759925152175128 5218817.6741651669144630
3562617.9880121280439198 5281798.3747481713071465
3469895.2920807381160557 5343170.1883802963420749
3376115.6324297483079135 5402914.4206125894561410
3281307.5752519564703107 5461012.8727731574326754
3185500.0000000009313226 5517447.8475106582045555
3088722.0905894138850272 5572202.1541850902140141
2991003.3265089108608663 5625259.1141042234376073
2892373.4738406524993479 5676602.5656040916219354
2792862.5761932125315070 5726216.8689719932153821
2692500.9455499961040914 5774086.9112104969099164
2591319.1530359229072928 5820198.1106410101056099
2489348.0196051644161344 5864536.4213454965502024
2386618.6066527753137052 5907088.3374450029805303
2283162.2065531085245311 5947840.8972136722877622
2179010.3331278362311423 5986781.6870270222425461
2074194.7120465456973761 6023898.8451432464644313
1968747.2711627902463078 6059181.0653164228424430
1862700.1307885560672730 6092617.6002404987812042
1756085.5939101015683264 6124198.2648230297490954
1648936.1363481595180929 6153913.4392876541242003
1541284.3968654840718955 6181754.0721043739467859
1433163.1672247634269297 6207711.6827467335388064
1324605.3821999453939497 6231778.3642750754952431
1215644.1095439677592367 6253946.7857450675219297
1106312.5399160136003047 6274210.1944407774135470
996643.9767713112523779 6292562.4179316228255630
886671.8262165784835815 6308997.8659525439143181
776429.5868341946043074 6323511.5321068624034524
665950.8394782202085480 6336098.9953912692144513
555269.2370453299954534 6346756.4215425113216043
444418.4942238232470118 6355480.5642053401097655
333432.3772237960365601 6362268.7659213896840811
222344.6934916343889199 6367118.9589386591687799
111189.2814119323884370 6370029.6658413689583540
0.0000000003901112 6371000.0000000000000000
-111189.2814119330287213 6370029.6658413689583540
-222344.6934916321770288 6367118.9589386591687799
-333432.3772237938246690 6362268.7659213896840811
-444418.4942238224903122 6355480.5642053401097655
-555269.2370453305775300 6346756.4215425113216043
-665950.8394782193936408 6336098.9953912701457739
-776429.5868341939058155 6323511.5321068633347750
-886671.8262165763881058 6308997.8659525448456407
-996643.9767713119508699 6292562.4179316218942404
-1106312.5399160129018128 6274210.1944407774135470
-1215644.1095439670607448 6253946.7857450675219297
-1324605.3821999432984740 6231778.3642750764265656
-1433163.1672247627284378 6207711.6827467335388064
-1541284.3968654833734035 6181754.0721043739467859
-1648936.1363481604494154 6153913.4392876541242003
-1756085.5939101008698344 6124198.2648230297490954
-1862700.1307885551359504 6092617.6002404997125268
-1968747.2711627895478159 6059181.0653164237737656
-2074194.7120465436019003 6023898.8451432473957539
-2179010.3331278352998197 5986781.6870270222425461
-2283162.2065531080588698 5947840.8972136722877622
-2386618.6066527757793665 5907088.3374450029805303
-2489348.0196051620878279 5864536.4213454974815249
-2591319.1530359219759703 5820198.1106410110369325
-2692500.9455499956384301 5774086.9112104978412390
-2792862.5761932129971683 5726216.8689719922840595
-2892373.4738406520336866 5676602.5656040916219354
-2991003.3265089085325599 5625259.1141042243689299
-3088722.0905894129537046 5572202.1541850911453366
-3185499.9999999986030161 5517447.8475106591358781
-3281307.5752519555389881 5461012.8727731574326754
-3376115.6324297478422523 5402914.4206125903874636
-3469895.2920807376503944 5343170.1883802963420749
-3562617.9880121271125972 5281798.3747481713071465
-3654255.4759925128892064 5218817.6741651678457856
-3744779.8423553458414972 5154247.2711627902463078
-3834163.5125017003156245 5088106.8345113014802337
-3922379.2592997690662742 5020416.5112284263595939
-4009400.2113785133697093 4951196.9204423623159528
-4095199.8613129421137273 4880469.1471110088750720
-4179752.0736985234543681 4808254.7355992794036865
-4263031.0931122861802578 4734575.6831164788454771
-4345011.5519581772387028 4659454.4330157358199358
-4425668.4781942702829838 4582913.8679575482383370
-4504977.3029394941404462 4504977.3029394941404462
-4582913.8679575463756919 4425668.4781942712143064
-4659454.4330157348886132 4345011.5519581781700253
-4734575.6831164769828320 4263031.0931122861802578
-4808254.7355992803350091 4179752.0736985220573843
-4880469.1471110079437494 4095199.8613129430450499
-4951196.9204423604533076 4009400.2113785161636770
-5020416.5112284254282713 3922379.2592997695319355
-5088106.8345113033428788 3834163.5125016989186406
-5154247.2711627893149853 3744779.8423553472384810
-5218817.6741651650518179 3654255.4759925166144967
-5281798.3747481703758240 3562617.9880121285095811
-5343170.1883802972733974 3469895.2920807367190719
-5402914.4206125894561410 3376115.6324297483079135
-5461012.8727731574326754 3281307.5752519564703107
-5517447.8475106591358781 3185499.9999999995343387
-5572202.1541850902140141 3088722.0905894138850272
-5625259.1141042225062847 2991003.3265089122578502
-5676602.5656040916219354 2892373.4738406529650092
-5726216.8689719932153821 2792862.5761932116001844
-5774086.9112104969099164 2692500.9455499965697527
-5820198.1106410091742873 2591319.1530359247699380
-5864536.4213454965502024 2489348.0196051658131182
-5907088.3374450020492077 2386618.6066527767106891
-5947840.8972136722877622 2283162.2065531075932086
-5986781.6870270222425461 2179010.3331278362311423
-6023898.8451432464644313 2074194.7120465475600213
-6059181.0653164228424430 1968747.2711627904791385
-6092617.6002404987812042 1862700.1307885576970875
-6124198.2648230278864503 1756085.5939101048279554
-6153913.4392876531928778 1648936.1363481613807380
-6181754.0721043739467859 1541284.3968654831405729
-6207711.6827467335388064 1433163.1672247624956071
-6231778.3642750764265656 1324605.3821999446954578
-6253946.7857450675219297 1215644.1095439679920673
-6274210.1944407774135470 1106312.5399160129018128
-6292562.4179316218942404 996643.9767713116016239
-6308997.8659525439143181 886671.8262165788328275
-6323511.5321068624034524 776429.5868341950699687
-6336098.9953912692144513 665950.8394782219547778
-6346756.4215425113216043 555269.2370453331386670
-6355480.5642053401097655 444418.4942238237126730
-6362268.7659213896840811 333432.3772237949888222
-6367118.9589386591687799 222344.6934916319441982
-6370029.6658413689583540 111189.2814119327813387
-6371000.0000000000000000 0.0000000007802225
-6370029.6658413689583540 -111189.2814119312242838
-6367118.9589386591687799 -222344.6934916332247667
-6362268.7659213896840811 -333432.3772237934754230
-6355480.5642053410410881 -444418.4942238192888908
-6346756.4215425113216043 -555269.2370453287148848
-6336098.9953912701457739 -665950.8394782176474109
-6323511.5321068624034524 -776429.5868341962341219
-6308997.8659525439143181 -886671.8262165774358436
-6292562.4179316228255630 -996643.9767713099718094
-6274210.1944407774135470 -1106312.5399160140659660
-6253946.7857450675219297 -1215644.1095439663622528
-6231778.3642750764265656 -1324605.3821999430656433
-6207711.6827467335388064 -1433163.1672247636597604
-6181754.0721043739467859 -1541284.3968654817435890
-6153913.4392876550555229 -1648936.1363481571897864
-6124198.2648230297490954 -1756085.5939101006370038
-6092617.6002404997125268 -1862700.1307885535061359
-6059181.0653164228424430 -1968747.2711627918761224
-6023898.8451432464644313 -2074194.7120465456973761
-5986781.6870270222425461 -2179010.3331278348341584
-5947840.8972136722877622 -2283162.2065531089901924
-5907088.3374450029805303 -2386618.6066527753137052
-5864536.4213454974815249 -2489348.0196051616221666
-5820198.1106410119682550 -2591319.1530359205789864
-5774086.9112104978412390 -2692500.9455499951727688
-5726216.8689719941467047 -2792862.5761932102032006
-5676602.5656040934845805 -2892373.4738406492397189
-5625259.1141042234376073 -2991003.3265089108608663
-5572202.1541850911453366 -3088722.0905894124880433
-5517447.8475106582045555 -3185500.0000000009313226
-5461012.8727731574326754 -3281307.5752519550733268
-5402914.4206125903874636 -3376115.6324297478422523
-5343170.1883802963420749 -3469895.2920807376503944
-5281798.3747481713071465 -3562617.9880121271125972
-5218817.6741651678457856 -3654255.4759925128892064
-5154247.2711627911776304 -3744779.8423553458414972
-5088106.8345113042742014 -3834163.5125016979873180
-5020416.5112284272909164 -3922379.2592997662723064
-4951196.9204423604533076 -4009400.2113785152323544
-4880469.1471110088750720 -4095199.8613129416480660
-4808254.7355992794036865 -4179752.0736985225230455
-4734575.6831164788454771 -4263031.0931122861802578
-4659454.4330157358199358 -4345011.5519581772387028
-4582913.8679575463756919 -4425668.4781942721456289
-4504977.3029394950717688 -4504977.3029394941404462
-4425668.4781942740082741 -4582913.8679575445130467
-4345011.5519581809639931 -4659454.4330157330259681
-4263031.0931122871115804 -4734575.6831164769828320
-4179752.0736985239200294 -4808254.7355992784723639
-4095199.8613129430450499 -4880469.1471110079437494
-4009400.2113785124383867 -4951196.9204423632472754
-3922379.2592997676692903 -5020416.5112284263595939
-3834163.5125016993843019 -5088106.8345113024115562
-3744779.8423553472384810 -5154247.2711627893149853
-3654255.4759925166144967 -5218817.6741651650518179
-3562617.9880121308378875 -5281798.3747481685131788
-3469895.2920807367190719 -5343170.1883802963420749
-3376115.6324297492392361 -5402914.4206125894561410
-3281307.5752519569359720 -5461012.8727731565013528
-3185500.0000000027939677 -5517447.8475106572732329
-3088722.0905894120223820 -5572202.1541850920766592
-2991003.3265089099295437 -5625259.1141042234376073
-2892373.4738406534306705 -5676602.5656040916219354
-2792862.5761932143941522 -5726216.8689719913527369
-2692500.9455499993637204 -5774086.9112104950472713
-2591319.1530359224416316 -5820198.1106410110369325
-2489348.0196051634848118 -5864536.4213454965502024
-2386618.6066527771763504 -5907088.3374450020492077
-2283162.2065531108528376 -5947840.8972136713564396
-2179010.3331278394907713 -5986781.6870270213112235
-2074194.7120465449988842 -6023898.8451432473957539
-1968747.2711627909447998 -6059181.0653164228424430
-1862700.1307885581627488 -6092617.6002404978498816
-1756085.5939100999385118 -6124198.2648230306804180
-1648936.1363481588196009 -6153913.4392876541242003
-1541284.3968654833734035 -6181754.0721043739467859
-1433163.1672247655224055 -6207711.6827467326074839
-1324605.3821999474894255 -6231778.3642750754952431
-1215644.1095439712516963 -6253946.7857450665906072
-1106312.5399160131346434 -6274210.1944407774135470
-996643.9767713119508699 -6292562.4179316218942404
-886671.8262165737105533 -6308997.8659525448456407
-776429.5868341926252469 -6323511.5321068633347750
-665950.8394782195100561 -6336098.9953912701457739
-555269.2370453306939453 -6346756.4215425113216043
-444418.4942238240619190 -6355480.5642053401097655
-333432.3772237981902435 -6362268.7659213896840811
-222344.6934916379977949 -6367118.9589386582374573
-111189.2814119331596885 -6370029.6658413689583540
-0.0000000011703337 -6371000.0000000000000000
111189.2814119308168301 -6370029.6658413689583540
222344.6934916356694885 -6367118.9589386591687799
333432.3772237958619371 -6362268.7659213896840811
444418.4942238217918202 -6355480.5642053410410881
555269.2370453283656389 -6346756.4215425113216043
665950.8394782171817496 -6336098.9953912701457739
776429.5868341958848760 -6323511.5321068624034524
886671.8262165770865977 -6308997.8659525448456407
996643.9767713096225634 -6292562.4179316228255630
1106312.5399160108063370 -6274210.1944407783448696
1215644.1095439633354545 -6253946.7857450675219297
1324605.3821999398060143 -6231778.3642750764265656
1433163.1672247634269297 -6207711.6827467335388064
1541284.3968654812779278 -6181754.0721043739467859
1648936.1363481620792300 -6153913.4392876531928778
1756085.5939101031981409 -6124198.2648230288177729
1862700.1307885556016117 -6092617.6002404987812042
1968747.2711627888493240 -6059181.0653164237737656
2074194.7120465429034084 -6023898.8451432483270764
2179010.3331278320401907 -5986781.6870270231738687
2283162.2065531034022570 -5947840.8972136741504073
2386618.6066527753137052 -5907088.3374450029805303
2489348.0196051616221666 -5864536.4213454984128475
2591319.1530359252355993 -5820198.1106410091742873
2692500.9455499970354140 -5774086.9112104969099164
2792862.5761932120658457 -5726216.8689719932153821
2892373.4738406515680254 -5676602.5656040916219354
2991003.3265089080668986 -5625259.1141042243689299
3088722.0905894096940756 -5572202.1541850920766592
3185500.0000000009313226 -5517447.8475106582045555
3281307.5752519550733268 -5461012.8727731574326754
3376115.6324297469109297 -5402914.4206125913187861
3469895.2920807348564267 -5343170.1883802982047200
3562617.9880121243186295 -5281798.3747481731697917
3654255.4759925142861903 -5218817.6741651669144630
3744779.8423553449101746 -5154247.2711627911776304
3834163.5125016975216568 -5088106.8345113042742014
3922379.2592997704632580 -5020416.5112284244969487
4009400.2113785147666931 -4951196.9204423604533076
4095199.8613129416480660 -4880469.1471110098063946
4179752.0736985206604004 -4808254.7355992821976542
4263031.0931122833862901 -4734575.6831164807081223
4345011.5519581753760576 -4659454.4330157386139035
4425668.4781942674890161 -4582913.8679575501009822
4504977.3029394932091236 -4504977.3029394950717688
4582913.8679575445130467 -4425668.4781942740082741
4659454.4330157367512584 -4345011.5519581763073802
4734575.6831164788454771 -4263031.0931122852489352
4808254.7355992794036865 -4179752.0736985225230455
4880469.1471110079437494 -4095199.8613129435107112
4951196.9204423595219851 -4009400.2113785166293383
5020416.5112284235656261 -3922379.2592997723259032
5088106.8345113024115562 -3834163.5125016993843019
5154247.2711627893149853 -3744779.8423553477041423
5218817.6741651650518179 -3654255.4759925170801580
5281798.3747481685131788 -3562617.9880121313035488
5343170.1883802963420749 -3469895.2920807367190719
5402914.4206125866621733 -3376115.6324297538958490
5461012.8727731565013528 -3281307.5752519569359720
5517447.8475106572732329 -3185500.0000000027939677
5572202.1541850911453366 -3088722.0905894124880433
5625259.1141042234376073 -2991003.3265089103952050
5676602.5656040916219354 -2892373.4738406538963318
5726216.8689719941467047 -2792862.5761932097375393
5774086.9112104950472713 -2692500.9455499998293817
5820198.1106410110369325 -2591319.1530359229072928
5864536.4213454946875572 -2489348.0196051690727472
5907088.3374450020492077 -2386618.6066527776420116
5947840.8972136704251170 -2283162.2065531113184988
5986781.6870270222425461 -2179010.3331278348341584
6023898.8451432455331087 -2074194.7120465505868196
6059181.0653164228424430 -1968747.2711627911776304
6092617.6002404997125268 -1862700.1307885528076440
6124198.2648230278864503 -1756085.5939101055264473
6153913.4392876541242003 -1648936.1363481592852622
6181754.0721043739467859 -1541284.3968654840718955
6207711.6827467326074839 -1433163.1672247659880668
6231778.3642750754952431 -1324605.3821999481879175
6253946.7857450675219297 -1215644.1095439661294222
6274210.1944407764822245 -1106312.5399160191882402
6292562.4179316218942404 -996643.9767713123001158
6308997.8659525439143181 -886671.8262165797641501
6323511.5321068624034524 -776429.5868341986788437
6336098.9953912692144513 -665950.8394782198593020
6346756.4215425113216043 -555269.2370453311596066
6355480.5642053410410881 -444418.4942238188814372
6362268.7659213896840811 -333432.3772237985976972
6367118.9589386591687799 -222344.6934916327591054
6370029.6658413689583540 -111189.2814119392278371
6371000.0000000000000000 -0.0000000015604450
